01040812020913140605110003071510
01040812020913140605001103071510
01040812020913140600051103071510
01040812020913140006051103071510
01040812020913140306051100071510
01040812020913140306051107001510
01040812020913140300051107061510
01040812020913140003051107061510
01040812020913140703051100061510
01040812020913140703051106001510
01040812020913140700051106031510
01040812020913140007051106031510
01040812020913140607051100031510
01040812000913140207051106031510
00040812010913140207051106031510
04000812010913140207051106031510
04090812010013140207051106031510
04090812000113140207051106031510
04090812020113140007051106031510
04090812020113140607051100031510
04090812020113140607051103001510
04090812020113140600051103071510
04090812020113140006051103071510
04090812020113140306051100071510
04090812020113140306051107001510
04090812020113140300051107061510
04090812020113140003051107061510
04090812020113140703051100061510
04090812020113140703051106001510
04090812020113140703051106150010
04090812020113140703001106150510
04090812020113140700031106150510
04090812020113140007031106150510
04090812020113140607031100150510
04090812020113140607031115000510
04090812020113140600031115070510
04090812020113140006031115070510
04090812020113141506031100070510
04090812020113141506031107000510
04090812020113141500031107060510
04090812020113140015031107060510
04090812020113140715031100060510
04090812000113140215031107060510
00090812040113140215031107060510
09000812040113140215031107060510
09010812040013140215031107060510
09010812000413140215031107060510
09010812020413140015031107060510
09010812020413140715031100060510
09010812020413140715031106000510
09010812020413140700031106150510
09010812020413140007031106150510
09010812020413140607031100150510
09010812020413140607031115000510
09010812020413140600031115070510
09010812020413140006031115070510
09010812020413141506031100070510
09010812020413141506031107000510
09010812020413141506031107050010
09010812020413141506001107050310
09010812020413141500061107050310
09010812020413140015061107050310
09010812020413140715061100050310
09010812020413140715061105000310
09010812020413140700061105150310
09010812020413140007061105150310
09010812020413140507061100150310
09010812020413140507061115000310
09010812020413140500061115070310
09010812020413140005061115070310
09010812020413141505061100070310
09010812000413140205061115070310
00010812090413140205061115070310
01000812090413140205061115070310
01040812090013140205061115070310
01040812000913140205061115070310
01040812020913140005061115070310
01040812020913141505061100070310
01040812020913141505061107000310
01040812020913141500061107050310
01040812020913140015061107050310
01040812020913140715061100050310
01040812020913140715061105000310
01040812020913140700061105150310
01040812020913140007061105150310
01040812020913140507061100150310
01040812020913140507061115000310
01040812020913140507061115030010
01040812020913140507001115030610
01040812020913140500071115030610
01040812020913140005071115030610
01040812020913141505071100030610
01040812020913141505071103000610
01040812020913141500071103050610
01040812020913140015071103050610
01040812020913140315071100050610
01040812020913140315071105000610
01040812020913140300071105150610
01040812020913140003071105150610
01040812020913140503071100150610
01040812000913140203071105150610
00040812010913140203071105150610
04000812010913140203071105150610
04090812010013140203071105150610
04090812000113140203071105150610
04090812020113140003071105150610
04090812020113140503071100150610
04090812020113140503071115000610
04090812020113140500071115030610
04090812020113140005071115030610
04090812020113141505071100030610
04090812020113141505071103000610
04090812020113141500071103050610
04090812020113140015071103050610
04090812020113140315071100050610
04090812020113140315071105000610
04090812020113140315071105060010
04090812020113140315001105060710
04090812020113140300151105060710
04090812020113140003151105060710
04090812020113140503151100060710
04090812020113140503151106000710
04090812020113140500151106030710
04090812020113140005151106030710
04090812020113140605151100030710
04090812020113140605151103000710
04090812020113140600151103050710
04090812020113140006151103050710
04090812020113140306151100050710
04090812020113140306151100050710
04090812000113140206151103050710
00090812040113140206151103050710
09000812040113140206151103050710
09010812040013140206151103050710
09010812000413140206151103050710
09010812020413140006151103050710
09010812020413140306151100050710
09010812020413140306151105000710
09010812020413140300151105060710
09010812020413140003151105060710
09010812020413140503151100060710
09010812020413140503151106000710
09010812020413140500151106030710
09010812020413140005151106030710
09010812020413140605151100030710
09010812020413140605151103000710
09010812020413140605151103070010
09010812020413140605001103071510
09010812020413140600051103071510
09010812020413140006051103071510
09010812020413140306051100071510
09010812020413140306051107001510
09010812020413140300051107061510
09010812020413140003051107061510
09010812020413140703051100061510
09010812020413140703051106001510
09010812020413140700051106031510
09010812020413140007051106031510
09010812020413140607051100031510
09010812000413140207051106031510
00010812090413140207051106031510
01000812090413140207051106031510
01080012090413140207051106031510
01081312090400140207051106031510
01081312090004140207051106031510
01081312000904140207051106031510
01081312020904140007051106031510
01081312020904140607051100031510
01081312020904140607051103001510
01081312020904140600051103071510
01081312020904140006051103071510
01081312020904140306051100071510
01081312020904140306051107001510
01081312020904140300051107061510
01081312020904140003051107061510
01081312020904140703051100061510
01081312020904140703051106001510
01081312020904140703051106150010
01081312020904140703001106150510
01081312020904140700031106150510
01081312020904140007031106150510
01081312020904140607031100150510
01081312020904140607031115000510
01081312020904140600031115070510
01081312020904140006031115070510
01081312020904141506031100070510
01081312020904141506031107000510
01081312020904141500031107060510
01081312020904140015031107060510
01081312020904140715031100060510
01081312000904140215031107060510
00081312010904140215031107060510
08001312010904140215031107060510
08091312010004140215031107060510
08091312000104140215031107060510
08091312020104140015031107060510
08091312020104140715031100060510
08091312020104140715031106000510
08091312020104140700031106150510
08091312020104140007031106150510
08091312020104140607031100150510
08091312020104140607031115000510
08091312020104140600031115070510
08091312020104140006031115070510
08091312020104141506031100070510
08091312020104141506031107000510
08091312020104141506031107050010
08091312020104141506001107050310
08091312020104141500061107050310
08091312020104140015061107050310
08091312020104140715061100050310
08091312020104140715061105000310
08091312020104140700061105150310
08091312020104140007061105150310
08091312020104140507061100150310
08091312020104140507061115000310
08091312020104140500061115070310
08091312020104140005061115070310
08091312020104141505061100070310
08091312000104140205061115070310
00091312080104140205061115070310
09001312080104140205061115070310
09011312080004140205061115070310
09011312000804140205061115070310
09011312020804140005061115070310
09011312020804141505061100070310
09011312020804141505061107000310
09011312020804141500061107050310
09011312020804140015061107050310
09011312020804140715061100050310
09011312020804140715061105000310
09011312020804140700061105150310
09011312020804140007061105150310
09011312020804140507061100150310
09011312020804140507061115000310
09011312020804140507061115030010
09011312020804140507001115030610
09011312020804140500071115030610
09011312020804140005071115030610
09011312020804141505071100030610
09011312020804141505071103000610
09011312020804141500071103050610
09011312020804140015071103050610
09011312020804140315071100050610
09011312020804140315071105000610
09011312020804140300071105150610
09011312020804140003071105150610
09011312020804140503071100150610
09011312000804140203071105150610
00011312090804140203071105150610
01001312090804140203071105150610
01081312090004140203071105150610
01081312000904140203071105150610
01081312020904140003071105150610
01081312020904140503071100150610
01081312020904140503071115000610
01081312020904140500071115030610
01081312020904140005071115030610
01081312020904141505071100030610
01081312020904141505071103000610
01081312020904141500071103050610
01081312020904140015071103050610
01081312020904140315071100050610
01081312020904140315071105000610
01081312020904140315071105060010
01081312020904140315001105060710
01081312020904140300151105060710
01081312020904140003151105060710
01081312020904140503151100060710
01081312020904140503151106000710
01081312020904140500151106030710
01081312020904140005151106030710
01081312020904140605151100030710
01081312020904140605151103000710
01081312020904140600151103050710
01081312020904140006151103050710
01081312020904140306151100050710
01081312000904140206151103050710
00081312010904140206151103050710
08001312010904140206151103050710
08091312010004140206151103050710
08091312000104140206151103050710
08091312020104140006151103050710
08091312020104140306151100050710
08091312020104140306151105000710
08091312020104140300151105060710
08091312020104140003151105060710
08091312020104140503151100060710
08091312020104140503151106000710
08091312020104140500151106030710
08091312020104140005151106030710
08091312020104140605151100030710
08091312020104140605151103000710
08091312020104140605151103070010
08091312020104140605001103071510
08091312020104140600051103071510
08091312020104140006051103071510
08091312020104140306051100071510
08091312020104140306051107001510
08091312020104140300051107061510
08091312020104140003051107061510
08091312020104140703051100061510
08091312020104140703051106001510
08091312020104140700051106031510
08091312020104140007051106031510
08091312020104140607051100031510
08091312000104140207051106031510
00091312080104140207051106031510
09001312080104140207051106031510
09011312080004140207051106031510
09011312000804140207051106031510
09011312020804140007051106031510
09011312020804140607051100031510
09011312020804140607051103001510
09011312020804140600051103071510
09011312020804140006051103071510
09011312020804140306051100071510
09011312020804140306051107001510
09011312020804140300051107061510
09011312020804140003051107061510
09011312020804140703051100061510
09011312020804140703051106001510
09011312020804140703051106150010
09011312020804140703001106150510
09011312020804140700031106150510
09011312020804140007031106150510
09011312020804140607031100150510
09011312020804140607031115000510
09011312020804140600031115070510
09011312020804140006031115070510
09011312020804141506031100070510
09011312020804141506031107000510
09011312020804141500031107060510
09011312020804140015031107060510
09011312020804140715031100060510
09011312000804140215031107060510
00011312090804140215031107060510
01001312090804140215031107060510
01130012090804140215031107060510
01130412090800140215031107060510
01130412090008140215031107060510
01130412000908140215031107060510
01130412020908140015031107060510
01130412020908140715031100060510
01130412020908140715031106000510
01130412020908140700031106150510
01130412020908140007031106150510
01130412020908140607031100150510
01130412020908140607031115000510
01130412020908140600031115070510
01130412020908140006031115070510
01130412020908141506031100070510
01130412020908141506031107000510
01130412020908141506031107050010
01130412020908141506001107050310
01130412020908141500061107050310
01130412020908140015061107050310
01130412020908140715061100050310
01130412020908140715061105000310
01130412020908140700061105150310
01130412020908140007061105150310
01130412020908140507061100150310
01130412020908140507061115000310
01130412020908140500061115070310
01130412020908140005061115070310
01130412020908141505061100070310
01130412000908140205061115070310
00130412010908140205061115070310
13000412010908140205061115070310
13090412010008140205061115070310
13090412000108140205061115070310
13090412020108140005061115070310
13090412020108141505061100070310
13090412020108141505061107000310
13090412020108141500061107050310
13090412020108140015061107050310
13090412020108140715061100050310
13090412020108140715061105000310
13090412020108140700061105150310
13090412020108140007061105150310
13090412020108140507061100150310
13090412020108140507061115000310
13090412020108140507061115030010
13090412020108140507001115030610
13090412020108140500071115030610
13090412020108140005071115030610
13090412020108141505071100030610
13090412020108141505071103000610
13090412020108141500071103050610
13090412020108140015071103050610
13090412020108140315071100050610
13090412020108140315071105000610
13090412020108140300071105150610
13090412020108140003071105150610
13090412020108140503071100150610
13090412000108140203071105150610
00090412130108140203071105150610
09000412130108140203071105150610
09010412130008140203071105150610
09010412001308140203071105150610
09010412021308140003071105150610
09010412021308140503071100150610
09010412021308140503071115000610
09010412021308140500071115030610
09010412021308140005071115030610
09010412021308141505071100030610
09010412021308141505071103000610
09010412021308141500071103050610
09010412021308140015071103050610
09010412021308140315071100050610
09010412021308140315071105000610
09010412021308140315071105060010
09010412021308140315001105060710
09010412021308140300151105060710
09010412021308140003151105060710
09010412021308140503151100060710
09010412021308140503151106000710
09010412021308140500151106030710
09010412021308140005151106030710
09010412021308140605151100030710
09010412021308140605151103000710
09010412021308140600151103050710
09010412021308140006151103050710
09010412021308140306151100050710
09010412001308140206151103050710
00010412091308140206151103050710
01000412091308140206151103050710
01130412090008140206151103050710
01130412000908140206151103050710
01130412020908140006151103050710
01130412020908140306151100050710
01130412020908140306151105000710
01130412020908140300151105060710
01130412020908140003151105060710
01130412020908140503151100060710
01130412020908140503151106000710
01130412020908140500151106030710
01130412020908140005151106030710
01130412020908140605151100030710
01130412020908140605151103000710
01130412020908140605151103070010
01130412020908140605001103071510
01130412020908140600051103071510
01130412020908140006051103071510
01130412020908140306051100071510
01130412020908140306051107001510
01130412020908140300051107061510
01130412020908140003051107061510
01130412020908140703051100061510
01130412020908140703051106001510
01130412020908140700051106031510
01130412020908140007051106031510
01130412020908140607051100031510
01130412000908140207051106031510
00130412010908140207051106031510
13000412010908140207051106031510
13090412010008140207051106031510
13090412000108140207051106031510
13090412020108140007051106031510
13090412020108140607051100031510
13090412020108140607051103001510
13090412020108140600051103071510
13090412020108140006051103071510
13090412020108140306051100071510
13090412020108140306051107001510
13090412020108140300051107061510
13090412020108140003051107061510
13090412020108140703051100061510
13090412020108140703051106001510
13090412020108140703051106150010
13090412020108140703001106150510
13090412020108140700031106150510
13090412020108140007031106150510
13090412020108140607031100150510
13090412020108140607031115000510
13090412020108140600031115070510
13090412020108140006031115070510
13090412020108141506031100070510
13090412020108141506031107000510
13090412020108141500031107060510
13090412020108140015031107060510
13090412020108140715031100060510
13090412000108140215031107060510
00090412130108140215031107060510
09000412130108140215031107060510
09010412130008140215031107060510
09010412001308140215031107060510
09010412021308140015031107060510
09010412021308140715031100060510
09010412021308140715031106000510
09010412021308140700031106150510
09010412021308140007031106150510
09010412021308140607031100150510
09010412021308140607031115000510
09010412021308140600031115070510
09010412021308140006031115070510
09010412021308141506031100070510
09010412021308141506031107000510
09010412021308141506031107050010
09010412021308141506001107050310
09010412021308141500061107050310
09010412021308140015061107050310
09010412021308140715061100050310
09010412021308140715061105000310
09010412021308140700061105150310
09010412021308140007061105150310
09010412021308140507061100150310
09010412021308140507061115000310
09010412021308140500061115070310
09010412021308140005061115070310
09010412021308141505061100070310
09010412001308140205061115070310
00010412091308140205061115070310
01000412091308140205061115070310
01040012091308140205061115070310
01041200091308140205061115070310
01041214091308000205061115070310
01041214091300080205061115070310
01041214090013080205061115070310
01041214000913080205061115070310
01041214020913080005061115070310
01041214020913081505061100070310
01041214020913081505061107000310
01041214020913081500061107050310
01041214020913080015061107050310
01041214020913080715061100050310
01041214020913080715061105000310
01041214020913080700061105150310
01041214020913080007061105150310
01041214020913080507061100150310
01041214020913080507061115000310
01041214020913080507061115030010
01041214020913080507001115030610
01041214020913080500071115030610
01041214020913080005071115030610
01041214020913081505071100030610
01041214020913081505071103000610
01041214020913081500071103050610
01041214020913080015071103050610
01041214020913080315071100050610
01041214020913080315071105000610
01041214020913080300071105150610
01041214020913080003071105150610
01041214020913080503071100150610
01041214000913080203071105150610
00041214010913080203071105150610
04001214010913080203071105150610
04091214010013080203071105150610
04091214000113080203071105150610
04091214020113080003071105150610
04091214020113080503071100150610
04091214020113080503071115000610
04091214020113080500071115030610
04091214020113080005071115030610
04091214020113081505071100030610
04091214020113081505071103000610
04091214020113081500071103050610
04091214020113080015071103050610
04091214020113080315071100050610
04091214020113080315071105000610
04091214020113080315071105060010
04091214020113080315001105060710
04091214020113080300151105060710
04091214020113080003151105060710
04091214020113080503151100060710
04091214020113080503151106000710
04091214020113080500151106030710
04091214020113080005151106030710
04091214020113080605151100030710
04091214020113080605151103000710
04091214020113080600151103050710
04091214020113080006151103050710
04091214020113080306151100050710
04091214020113080306151100050710
04091214000113080206151103050710
00091214040113080206151103050710
09001214040113080206151103050710
09011214040013080206151103050710
09011214000413080206151103050710
09011214020413080006151103050710
09011214020413080306151100050710
09011214020413080306151105000710
09011214020413080300151105060710
09011214020413080003151105060710
09011214020413080503151100060710
09011214020413080503151106000710
09011214020413080500151106030710
09011214020413080005151106030710
09011214020413080605151100030710
09011214020413080605151103000710
09011214020413080605151103070010
09011214020413080605001103071510
09011214020413080600051103071510
09011214020413080006051103071510
09011214020413080306051100071510
09011214020413080306051107001510
09011214020413080300051107061510
09011214020413080003051107061510
09011214020413080703051100061510
09011214020413080703051106001510
09011214020413080700051106031510
09011214020413080007051106031510
09011214020413080607051100031510
09011214000413080207051106031510
00011214090413080207051106031510
01001214090413080207051106031510
01041214090013080207051106031510
01041214000913080207051106031510
01041214020913080007051106031510
01041214020913080607051100031510
01041214020913080607051103001510
01041214020913080600051103071510
01041214020913080006051103071510
01041214020913080306051100071510
01041214020913080306051107001510
01041214020913080300051107061510
01041214020913080003051107061510
01041214020913080703051100061510
01041214020913080703051106001510
01041214020913080703051106150010
01041214020913080703001106150510
01041214020913080700031106150510
01041214020913080007031106150510
01041214020913080607031100150510
01041214020913080607031115000510
01041214020913080600031115070510
01041214020913080006031115070510
01041214020913081506031100070510
01041214020913081506031107000510
01041214020913081500031107060510
01041214020913080015031107060510
01041214020913080715031100060510
01041214000913080215031107060510
00041214010913080215031107060510
04001214010913080215031107060510
04091214010013080215031107060510
04091214000113080215031107060510
04091214020113080015031107060510
04091214020113080715031100060510
04091214020113080715031106000510
04091214020113080700031106150510
04091214020113080007031106150510
04091214020113080607031100150510
04091214020113080607031115000510
04091214020113080600031115070510
04091214020113080006031115070510
04091214020113081506031100070510
04091214020113081506031107000510
04091214020113081506031107050010
04091214020113081506001107050310
04091214020113081500061107050310
04091214020113080015061107050310
04091214020113080715061100050310
04091214020113080715061105000310
04091214020113080700061105150310
04091214020113080007061105150310
04091214020113080507061100150310
04091214020113080507061115000310
04091214020113080500061115070310
04091214020113080005061115070310
04091214020113081505061100070310
04091214000113080205061115070310
00091214040113080205061115070310
09001214040113080205061115070310
09011214040013080205061115070310
09011214000413080205061115070310
09011214020413080005061115070310
09011214020413081505061100070310
09011214020413081505061107000310
09011214020413081500061107050310
09011214020413080015061107050310
09011214020413080715061100050310
09011214020413080715061105000310
09011214020413080700061105150310
09011214020413080007061105150310
09011214020413080507061100150310
09011214020413080507061115000310
09011214020413080507061115030010
09011214020413080507001115030610
09011214020413080500071115030610
09011214020413080005071115030610
09011214020413081505071100030610
09011214020413081505071103000610
09011214020413081500071103050610
09011214020413080015071103050610
09011214020413080315071100050610
09011214020413080315071105000610
09011214020413080300071105150610
09011214020413080003071105150610
09011214020413080503071100150610
09011214000413080203071105150610
00011214090413080203071105150610
01001214090413080203071105150610
01120014090413080203071105150610
01121314090400080203071105150610
01121314090004080203071105150610
01121314000904080203071105150610
01121314020904080003071105150610
01121314020904080503071100150610
01121314020904080503071115000610
01121314020904080500071115030610
01121314020904080005071115030610
01121314020904081505071100030610
01121314020904081505071103000610
01121314020904081500071103050610
01121314020904080015071103050610
01121314020904080315071100050610
01121314020904080315071105000610
01121314020904080315071105060010
01121314020904080315001105060710
01121314020904080300151105060710
01121314020904080003151105060710
01121314020904080503151100060710
01121314020904080503151106000710
01121314020904080500151106030710
01121314020904080005151106030710
01121314020904080605151100030710
01121314020904080605151103000710
01121314020904080600151103050710
01121314020904080006151103050710
01121314020904080306151100050710
01121314020904080515001106030710
01121314020904080515071106030010
01121314020904080515071106000310
01121314020904080515071100060310
01121314020904080015071105060310
01121314000904080215071105060310
00121314010904080215071105060310
12001314010904080215071105060310
12091314010004080215071105060310
12091314000104080215071105060310
12091314020104080015071105060310
12091314020104080515071100060310
12091314020104080515071106000310
12091314020104080500071106150310
12091314020104080005071106150310
12091314020104080605071100150310
12091314020104080605071115000310
12091314020104080600071115050310
12091314020104080006071115050310
12091314020104081506071100050310
12091314020104081506071105000310
12091314020104081506071105030010
12091314020104081506001105030710
12091314020104081500061105030710
12091314020104080015061105030710
12091314020104080515061100030710
12091314020104080515061103000710
12091314020104080500061103150710
12091314020104080005061103150710
12091314020104080305061100150710
12091314020104080305061115000710
12091314020104080300061115050710
12091314020104080003061115050710
12091314020104081503061100050710
12091314000104080203061115050710
00091314120104080203061115050710
09001314120104080203061115050710
09011314120004080203061115050710
09011314001204080203061115050710
09011314021204080003061115050710
09011314021204081503061100050710
09011314021204081503061105000710
09011314021204081500061105030710
09011314021204080015061105030710
09011314021204080515061100030710
09011314021204080515061103000710
09011314021204080500061103150710
09011314021204080005061103150710
09011314021204080305061100150710
09011314021204080305061115000710
09011314021204080305061115070010
09011314021204080305001115070610
09011314021204080300051115070610
09011314021204080003051115070610
09011314021204081503051100070610
09011314021204081503051107000610
09011314021204081500051107030610
09011314021204080015051107030610
09011314021204080715051100030610
09011314021204080715051103000610
09011314021204080700051103150610
09011314021204080007051103150610
09011314021204080307051100150610
09011314001204080207051103150610
00011314091204080207051103150610
01001314091204080207051103150610
01121314090004080207051103150610
01121314000904080207051103150610
01121314020904080007051103150610
01121314020904080307051100150610
01121314020904080307051115000610
01121314020904080300051115070610
01121314020904080003051115070610
01121314020904081503051100070610
01121314020904081503051107000610
01121314020904081500051107030610
01121314020904080015051107030610
01121314020904080715051100030610
01121314020904080715051103000610
01121314020904080715051103060010
01121314020904080715001103060510
01121314020904080700151103060510
01121314020904080007151103060510
01121314020904080307151100060510
01121314020904080307151106000510
01121314020904080300151106070510
01121314020904080003151106070510
01121314020904080603151100070510
01121314020904080603151107000510
01121314020904080600151107030510
01121314020904080006151107030510
01121314020904080706151100030510
01121314000904080206151107030510
00121314010904080206151107030510
12001314010904080206151107030510
12091314010004080206151107030510
12091314000104080206151107030510
12091314020104080006151107030510
12091314020104080706151100030510
12091314020104080706151103000510
12091314020104080700151103060510
12091314020104080007151103060510
12091314020104080307151100060510
12091314020104080307151106000510
12091314020104080300151106070510
12091314020104080003151106070510
12091314020104080603151100070510
12091314020104080603151107000510
12091314020104080603151107050010
12091314020104080603001107051510
12091314020104080600031107051510
12091314020104080006031107051510
12091314020104080706031100051510
12091314020104080706031105001510
12091314020104080700031105061510
12091314020104080007031105061510
12091314020104080507031100061510
12091314020104080507031106001510
12091314020104080500031106071510
12091314020104080005031106071510
12091314020104080605031100071510
12091314000104080205031106071510
00091314120104080205031106071510
09001314120104080205031106071510
09011314120004080205031106071510
09011314001204080205031106071510
09011314021204080005031106071510
09011314021204080605031100071510
09011314021204080605031107001510
09011314021204080600031107051510
09011314021204080006031107051510
09011314021204080706031100051510
09011314021204080706031105001510
09011314021204080700031105061510
09011314021204080007031105061510
09011314021204080507031100061510
09011314021204080507031106001510
09011314021204080507031106150010
09011314021204080507001106150310
09011314021204080500071106150310
09011314021204080005071106150310
09011314021204080605071100150310
09011314021204080605071115000310
09011314021204080600071115050310
09011314021204080006071115050310
09011314021204081506071100050310
09011314021204081506071105000310
09011314021204081500071105060310
09011314021204080015071105060310
09011314021204080515071100060310
09011314001204080215071105060310
00011314091204080215071105060310
01001314091204080215071105060310
01130014091204080215071105060310
01130414091200080215071105060310
01130414090012080215071105060310
01130414000912080215071105060310
01130414020912080015071105060310
01130414020912080515071100060310
01130414020912080515071106000310
01130414020912080500071106150310
01130414020912080005071106150310
01130414020912080605071100150310
01130414020912080605071115000310
01130414020912080600071115050310
01130414020912080006071115050310
01130414020912081506071100050310
01130414020912081506071105000310
01130414020912081506071105030010
01130414020912081506001105030710
01130414020912081500061105030710
01130414020912080015061105030710
01130414020912080515061100030710
01130414020912080515061103000710
01130414020912080500061103150710
01130414020912080005061103150710
01130414020912080305061100150710
01130414020912080305061115000710
01130414020912080300061115050710
01130414020912080003061115050710
01130414020912081503061100050710
01130414000912080203061115050710
00130414010912080203061115050710
13000414010912080203061115050710
13090414010012080203061115050710
13090414000112080203061115050710
13090414020112080003061115050710
13090414020112081503061100050710
13090414020112081503061105000710
13090414020112081500061105030710
13090414020112080015061105030710
13090414020112080515061100030710
13090414020112080515061103000710
13090414020112080500061103150710
13090414020112080005061103150710
13090414020112080305061100150710
13090414020112080305061115000710
13090414020112080305061115070010
13090414020112080305001115070610
13090414020112080300051115070610
13090414020112080003051115070610
13090414020112081503051100070610
13090414020112081503051107000610
13090414020112081500051107030610
13090414020112080015051107030610
13090414020112080715051100030610
13090414020112080715051103000610
13090414020112080700051103150610
13090414020112080007051103150610
13090414020112080307051100150610
13090414000112080207051103150610
00090414130112080207051103150610
09000414130112080207051103150610
09010414130012080207051103150610
09010414001312080207051103150610
09010414021312080007051103150610
09010414021312080307051100150610
09010414021312080307051115000610
09010414021312080300051115070610
09010414021312080003051115070610
09010414021312081503051100070610
09010414021312081503051107000610
09010414021312081500051107030610
09010414021312080015051107030610
09010414021312080715051100030610
09010414021312080715051103000610
09010414021312080715051103060010
09010414021312080715001103060510
09010414021312080700151103060510
09010414021312080007151103060510
09010414021312080307151100060510
09010414021312080307151106000510
09010414021312080300151106070510
09010414021312080003151106070510
09010414021312080603151100070510
09010414021312080603151107000510
09010414021312080600151107030510
09010414021312080006151107030510
09010414021312080706151100030510
09010414001312080206151107030510
00010414091312080206151107030510
01000414091312080206151107030510
01130414090012080206151107030510
01130414000912080206151107030510
01130414020912080006151107030510
01130414020912080706151100030510
01130414020912080706151103000510
01130414020912080700151103060510
01130414020912080007151103060510
01130414020912080307151100060510
01130414020912080307151106000510
01130414020912080300151106070510
01130414020912080003151106070510
01130414020912080603151100070510
01130414020912080603151107000510
01130414020912080603151107050010
01130414020912080603001107051510
01130414020912080600031107051510
01130414020912080006031107051510
01130414020912080706031100051510
01130414020912080706031105001510
01130414020912080700031105061510
01130414020912080007031105061510
01130414020912080507031100061510
01130414020912080507031106001510
01130414020912080500031106071510
01130414020912080005031106071510
01130414020912080605031100071510
01130414000912080205031106071510
00130414010912080205031106071510
13000414010912080205031106071510
13090414010012080205031106071510
13090414000112080205031106071510
13090414020112080005031106071510
13090414020112080605031100071510
13090414020112080605031107001510
13090414020112080600031107051510
13090414020112080006031107051510
13090414020112080706031100051510
13090414020112080706031105001510
13090414020112080700031105061510
13090414020112080007031105061510
13090414020112080507031100061510
13090414020112080507031106001510
13090414020112080507031106150010
13090414020112080507001106150310
13090414020112080500071106150310
13090414020112080005071106150310
13090414020112080605071100150310
13090414020112080605071115000310
13090414020112080600071115050310
13090414020112080006071115050310
13090414020112081506071100050310
13090414020112081506071105000310
13090414020112081500071105060310
13090414020112080015071105060310
13090414020112080515071100060310
13090414000112080215071105060310
00090414130112080215071105060310
09000414130112080215071105060310
09010414130012080215071105060310
09010414001312080215071105060310
09010414021312080015071105060310
09010414021312080515071100060310
09010414021312080515071106000310
09010414021312080500071106150310
09010414021312080005071106150310
09010414021312080605071100150310
09010414021312080605071115000310
09010414021312080600071115050310
09010414021312080006071115050310
09010414021312081506071100050310
09010414021312081506071105000310
09010414021312081506071105030010
09010414021312081506001105030710
09010414021312081500061105030710
09010414021312080015061105030710
09010414021312080515061100030710
09010414021312080515061103000710
09010414021312080500061103150710
09010414021312080005061103150710
09010414021312080305061100150710
09010414021312080305061115000710
09010414021312080300061115050710
09010414021312080003061115050710
09010414021312081503061100050710
09010414001312080203061115050710
00010414091312080203061115050710
01000414091312080203061115050710
01040014091312080203061115050710
01041214091300080203061115050710
01041214090013080203061115050710
01041214000913080203061115050710
01041214020913080003061115050710
01041214020913081503061100050710
01041214020913081503061105000710
01041214020913081500061105030710
01041214020913080015061105030710
01041214020913080515061100030710
01041214020913080515061103000710
01041214020913080500061103150710
01041214020913080005061103150710
01041214020913080305061100150710
01041214020913080305061115000710
01041214020913080305061115070010
01041214020913080305001115070610
01041214020913080300051115070610
01041214020913080003051115070610
01041214020913081503051100070610
01041214020913081503051107000610
01041214020913081500051107030610
01041214020913080015051107030610
01041214020913080715051100030610
01041214020913080715051103000610
01041214020913080700051103150610
01041214020913080007051103150610
01041214020913080307051100150610
01041214020013081509051107030610
01041214000213081509051107030610
01041214150213080009051107030610
01041214150213080709051100030610
01041214150213080709051103000610
01041214150213080700051103090610
01041214150213080007051103090610
01041214150213080307051100090610
01041214150213080307051109000610
01041214150213080300051109070610
01041214150213080003051109070610
01041214150213080903051100070610
01041214150213080903051107000610
01041214150213080903051107060010
01041214150213080903001107060510
01041214150213080900031107060510
01041214150213080009031107060510
01041214150213080709031100060510
01041214150213080709031106000510
01041214150213080700031106090510
01041214150213080007031106090510
01041214150213080607031100090510
01041214150213080607031109000510
01041214150213080600031109070510
01041214150213080006031109070510
01041214150213080906031100070510
01041214000213081506031109070510
00041214010213081506031109070510
04001214010213081506031109070510
04021214010013081506031109070510
04021214000113081506031109070510
04021214150113080006031109070510
04021214150113080906031100070510
04021214150113080906031107000510
04021214150113080900031107060510
04021214150113080009031107060510
04021214150113080709031100060510
04021214150113080709031106000510
04021214150113080700031106090510
04021214150113080007031106090510
04021214150113080607031100090510
04021214150113080607031109000510
04021214150113080607031109050010
04021214150113080607001109050310
04021214150113080600071109050310
04021214150113080006071109050310
04021214150113080906071100050310
04021214150113080906071105000310
04021214150113080900071105060310
04021214150113080009071105060310
04021214150113080509071100060310
04021214150113080509071106000310
04021214150113080500071106090310
04021214150113080005071106090310
04021214150113080605071100090310
04021214000113081505071106090310
00021214040113081505071106090310
02001214040113081505071106090310
02011214040013081505071106090310
02011214000413081505071106090310
02011214150413080005071106090310
02011214150413080605071100090310
02011214150413080605071109000310
02011214150413080600071109050310
02011214150413080006071109050310
02011214150413080906071100050310
02011214150413080906071105000310
02011214150413080900071105060310
02011214150413080009071105060310
02011214150413080509071100060310
02011214150413080509071106000310
02011214150413080509071106030010
02011214150413080509001106030710
02011214150413080500091106030710
02011214150413080005091106030710
02011214150413080605091100030710
02011214150413080605091103000710
02011214150413080600091103050710
02011214150413080006091103050710
02011214150413080306091100050710
02011214150413080306091105000710
02011214150413080300091105060710
02011214150413080003091105060710
02011214150413080503091100060710
02011214000413081503091105060710
00011214020413081503091105060710
01001214020413081503091105060710
01041214020013081503091105060710
01041214000213081503091105060710
01041214150213080003091105060710
01041214150213080503091100060710
01041214150213080503091106000710
01041214150213080500091106030710
01041214150213080005091106030710
01041214150213080605091100030710
01041214150213080605091103000710
01041214150213080600091103050710
01041214150213080006091103050710
01041214150213080306091100050710
01041214150213080306091105000710
01041214150213080306091105070010
01041214150213080306001105070910
